0.710138
1.63675
-1.36045
0.802403
0.105815
0.833233
0.0676767
0.204188
0.508268
-0.786906
0.424121
-1.31369
1.38542
0.193549
-1.1292
-1.35547
-0.712725
-1.12201
-0.944221
1.09492
0.247551
-0.200868
-0.813507
-0.332156
-0.942303
-0.648534
-0.359953
0.563376
-1.46109
-1.2096
-0.471739
-0.199458
-0.490071
-0.703505
1.12362
0.316842
0.124555
0.826812
-0.222516
-2.10095
-0.529494
-0.906744
-2.2353
-0.635348
-1.20979
-1.16981
0.456524
-1.11297
-0.666486
-1.23332
-2.21751
0.717286
1.12449
-0.287235
-0.547376
-0.138608
-0.679127
-0.0109932
-0.197226
0.688406
0.42584
-0.648347
0.274501
-0.287106
1.49249
-0.0930563
-1.27497
0.955904
0.552444
-1.28575
-1.38059
-0.755118
-1.74554
-0.42788
-0.837103
0.615243
0.144681
1.33026
-0.236702
1.20507
2.16982
-0.26935
0.612299
0.179305
-1.51139
-0.728827
1.12665
-0.384921
0.164236
1.77266
1.46978
0.111564
-0.423312
0.812441
-0.717761
-2.07231
0.298159
0.102911
-0.398362
-0.0439002
1.43702
-0.770714
-0.895911
-0.921571
-0.50666
0.456661
-1.13823
-1.55288
-0.276277
-0.260537
-1.11561
-1.16297
0.475848
2.18528
-1.19238
-0.524161
-0.980341
1.38078
0.517184
0.413954
-1.3826
-1.02404
0.323119
0.510106
-0.142612
1.22463
1.19789
-0.283288
0.264935
0.297805
0.246437
0.0437483
1.2494
0.452768
-0.394713
-0.70319
0.426376
-0.416843
-2.02789
-0.945238
-0.164352
1.11369
0.169105
-0.175796
-1.12944
-0.582882
-0.376439
0.0585988
-1.03538
-0.914306
-1.56819
1.18675
0.751672
0.836222
0.0348441
0.0680718
-0.219364
1.22432
0.682303
-0.417559
0.784131
0.81218
-1.03572
0.268204
0.462827
1.19956
0.910557
-0.014557
3.35838
0.010983
1.42066
0.530482
2.69261
2.04714
-0.966612
-0.315427
-2.52281
-0.724894
-0.595933
1.68092
0.545116
1.37125
0.197002
-0.845236
0.708332
0.608122
-0.834142
-1.06217
-0.687301
1.44908
0.637425
0.356187
0.181242
-0.513544
-0.976048
-1.00208
-0.428151
-1.07754
0.680058
-0.464894
0.411632
0.409753
0.615677
-1.31837
-0.0867225
-0.456639
0.154832
-0.298901
0.602697
-2.8105
-1.48565
0.680093
1.28186
-0.5478
2.85909
1.18293
-0.0423626
-3.42913
-0.681276
0.371329
0.0973782
-0.317256
0.566179
-0.831599
-0.534996
0.15878
-1.04239
0.957088
-0.105688
0.525844
-0.410684
1.40311
-0.364845
-0.880792
0.737692
-0.222432
-0.685465
0.824867
0.773136
-0.610477
-1.02108
-1.74313
-0.465042
1.10392
0.245567
-0.0405291
1.07964
-0.349131
-0.098734
-0.0793832
0.987747
0.167639
-0.095961
-1.69557
1.70569
-0.398671
-0.663379
2.3552
-0.32983
1.03896
-0.527657
0.829358
0.41277
-0.260446
0.400242
-0.983499
0.290349
0.591289
0.305451
0.685669
0.0706945
-1.37203
0.543691
1.38768
-0.68398
1.73087
-0.309289
-0.411699
-1.08423
1.23306
0.857592
-0.00526767
-0.72274
-1.36479
0.325189
-0.815284
0.524441
-1.14844
-0.389526
1.60533
0.181974
2.27179
0.660217
-0.438916
-0.889841
-2.8583
1.02692
1.45407
-1.26578
0.684568
-1.25545
-0.820853
-0.219156
-0.245786
-0.995968
-0.0887776
0.439312
-1.00124
-1.49535
1.31852
-0.8024
0.93685
0.0997171
0.520878
1.40234
-1.63629
-1.24177
-0.884396
-0.50959
-1.38491
-0.526338
-1.35637
0.316451
-0.745811
0.917476
-1.70499
-1.47837
-0.958679
-0.182538
-1.92723
0.0394547
0.526479
0.0221131
-0.19019
-1.10117
-0.728832
2.7358
1.42827
-1.62415
-0.411126
-1.32936
1.29437
-0.177032
-1.79379
-0.598927
-0.142992
-1.58361
0.948129
-0.87723
-1.00622
0.815839
-0.253869
-0.0240499
-0.264242
-0.818715
0.979868
0.49379
0.0366705
-0.596174
2.23301
-0.526952
0.876961
0.706045
-0.791425
0.0583529
0.529425
-1.05505
1.91708
-0.109804
0.882971
-0.117169
-1.02866
0.530199
1.45137
0.364096
0.11172
0.504124
0.207899
-1.65472
0.565236
0.760182
-0.87008
-0.357727
-0.992346
0.431571
-0.560466
0.830762
0.783055
2.0393
-0.854071
-0.342764
0.553773
1.21953
0.495209
-1.39755
0.298465
0.223091
-1.82927
-1.23096
-1.46808
-0.715825
-1.76823
0.713856
0.512009
-2.12105
0.436242
1.11278
0.357944
-0.923673
-0.357945
2.46869
-1.90582
-0.0776034
0.474376
-1.6435
0.788456
-0.530316
-1.55009
-0.805478
-1.01239
-0.286161
-0.220527
-0.509777
-1.11047
-0.210514
0.338085
-1.37004
-1.29477
0.160799
-0.335537
0.54984
-0.460086
-0.152477
-0.11716
-1.36345
1.16314
0.305771
-1.28332
0.381473
-1.01108
-0.264444
1.84594
-0.142276
-0.112499
0.152662
0.112259
0.554665
0.162287
0.574717
-0.678805
1.51119
0.0390222
-0.083767
-0.753423
-0.0620859
-0.0794473
0.543975
0.0777044
0.29295
-0.368934
2.18942
0.512367
-0.229678
0.959685
-0.00391091
-1.1246
-0.479536
0.408812
0.719075
-0.422467
-1.01286
0.320331
1.86002
0.476238
0.0512166
1.03667
2.32258
2.26347
-2.51986
0.36143
0.299397
1.67329
0.221903
0.953902
-0.420503
-1.65758
0.490924
0.268648
-0.0567627
1.39956
1.23278
-2.01437
-1.64497
-0.0200636
-1.61628
1.74321
0.027071
0.608171
0.780144
-1.22327
0.577866
-0.70088
1.9829
-0.417695
-0.276222
-2.66577
0.710124
-1.98275
1.34139
-0.738909
-0.742162
0.589937
-0.217966
-0.497859
-0.947793
-0.503799
-1.21961
0.0529603
0.163856
-0.391761
0.19419
0.640185
-0.337662
0.829143
-0.776257
-0.151004
-0.510932
-0.740416
-0.191473
-0.916216
1.08567
0.195467
0.850354
-0.1809
0.261466
-0.206202
0.410917
0.194401
-0.00405554
0.272688
0.56091
0.712718
1.3369
-1.31318
1.01618
1.27504
1.21733
0.626339
-1.11247
-0.709657
-0.385118
0.194831
-0.379471
0.645814
-1.34179
0.0533674
-0.813684
0.407761
-0.175346
-0.234564
-0.716127
-0.599613
0.461899
-0.302445
0.583034
0.11097
2.10359
-0.0972628
0.569136
-0.343286
-1.87194
0.45026
0.255296
-0.326857
-1.67709
0.374738
1.33025
0.0890676
-0.976672
1.09891
1.41972
0.600504
-0.561134
-0.639127
-0.50183
-0.487766
0.477138
0.737311
-0.683063
-1.15625
-1.08848
0.27756
0.766708
1.64474
-0.288192
-0.6067
-2.95282
-1.48325
-0.304979
-0.836074
-0.587631
-0.195455
0.46347
0.688507
0.245612
-0.200378
0.658375
-0.709861
1.48527
0.565546
0.178762
2.06346
0.874077
-0.678644
-0.604144
0.823965
1.09483
-1.16871
-0.954989
-0.78927
-0.24342
-0.491057
0.437172
1.23855
1.57446
1.95054
-1.59866
-0.00312631
1.15484
-1.06164
-1.49738
0.946013
-0.78665
-1.12085
-0.58844
1.63531
-0.136426
-0.13792
1.09155
-1.66998
-0.838844
1.33435
-0.227304
-0.269851
-1.50833
-0.565121
0.249236
0.0333603
-0.0345319
0.905565
1.29881
2.30214
-0.90989
0.351913
-0.58454
0.85007
1.38673
-0.640241
1.35036
-0.455882
-0.233404
2.44614
-1.20076
-0.196872
0.380716
-1.53659
1.11489
-0.191527
-0.286237
-0.764998
-0.434888
1.09817
0.467437
0.12609
-0.653226
0.3269
0.534502
1.40247
-0.918368
-0.826157
-0.600526
-0.263309
-0.812176
2.34876
2.21175
0.198577
-0.196428
0.198208
0.505578
-0.326743
0.0136187
-0.223034
-0.126458
-0.2681
-0.195257
-1.30468
1.73135
1.33362
-0.546584
-0.336293
0.444418
-0.489948
-0.50824
-1.2286
-0.503536
-1.10162
0.607257
-2.0572
-1.29959
0.787197
-0.344225
-0.171506
0.944654
-0.0362122
1.09208
-0.614818
0.757322
-0.59253
0.54171
-0.133972
-1.14671
-1.04836
0.335802
-0.281032
-0.413956
-2.16492
1.0234
-1.06066
-0.632291
-0.825685
-1.70446
0.391906
0.220496
0.632636
-0.309474
-0.382035
-0.313
0.357244
0.524283
-1.38538
-0.686732
0.212525
-0.287594
-1.1586
2.28997
0.203896
0.207748
1.33761
0.991197
-0.687193
2.02324
-0.177569
-1.82205
2.22675
0.435303
-0.372564
0.142081
1.15926
1.52758
0.757361
-0.22782
0.058758
-0.167327
0.945883
0.799424
-0.194223
-1.33242
1.62109
-0.0414476
-1.7175
0.201661
0.0301797
-1.04372
0.311932
0.707968
2.32927
-0.412106
0.655004
-0.0504922
0.771016
0.602467
1.05402
-0.526132
1.18711
0.485054
0.80624
-0.10466
-0.928365
-1.39279
0.261884
0.800841
1.02636
2.70822
-1.02576
-1.54167
0.711172
0.034792
-0.676044
-0.216535
-1.31101
-0.678212
-0.71389
-2.75356
1.45577
0.599474
0.622549
1.66075
-0.47627
0.455983
-0.634324
0.851358
-1.34912
0.623956
-0.548064
-1.61706
0.149304
0.803633
-0.945924
0.517839
0.230259
1.38039
0.959833
1.77936
1.00056
1.70658
1.0783
0.441398
-0.676775
-0.300982
-0.879424
0.0670517
-0.111772
1.1437
1.7139
0.384436
0.79487
0.0121503
1.43907
-0.471367
-1.91041
1.20589
0.173341
-0.183136
-0.361896
0.361772
2.21025
-0.543176
0.366225
1.1631
0.725437
-0.736121
0.138814
-0.537243
-1.34324
-1.34096
1.31261
-0.989934
0.871556
-1.11715
-0.295629
-0.0326428
-0.618198
-1.0185
-2.31257
2.5893
2.50941
0.604684
-2.29324
-0.693853
1.86351
-0.313312
-0.963111
-0.43551
-0.147287
0.476148
-1.51591
0.982151
1.04055
-1.73373
-0.481807
-0.462702
-0.426067
-0.553206
-1.95428
0.500346
2.32844
1.93567
0.127039
1.2002
-0.995727
1.40898
-0.0419874
1.13955
-1.01019
-1.15403
0.362779
0.161028
-0.2903
0.677295
0.395373
-0.00471162
-1.33545
0.0795772
-0.931417
-1.16422
-1.60728
0.293406
1.39809
-0.20286
1.30292
-0.177229
0.0672521
0.177833
1.99881
0.169325
-0.840156
1.59333
-1.51518
0.750988
0.921153
0.393572
-1.49938
0.0669771
-1.02258
1.25976
0.634795
2.19809
0.11515
-1.92865
-1.87875
-1.07435
-0.00517139
1.05529
-0.142609
0.0573431
-0.601374
0.935678
-1.66583
0.703539
-0.17336
0.752221
-0.576804
0.373464
-1.62381
0.703141
0.0653749
-0.124424
-0.171888
1.68809
0.535207
0.291851
-1.15853
-0.0984071
-0.297236
0.451579
-0.897392
0.131004
0.383783
0.285092
0.520495
0.55717
-0.915769
0.627026
-1.14924
-0.174936
0.529964
-0.824839
-0.578019
-0.0867854
-0.0641524
-1.42056
-0.272098
-1.03369
0.876839
0.552777
-0.349894
-0.0681248
1.68916
0.0269512
-0.124933
-0.090788
-1.27389
-0.433338
-2.06623
-1.10778
0.659656
0.991324
1.03013
0.328301
-0.994953
0.670417
-0.268582
1.14297
-0.875528
-0.563937
-0.0187378
-1.06544
-0.286649
0.877297
1.04349
0.0811289
-0.636898
0.662087
0.810502
0.179542
0.232509
-0.94034
-0.406216
-0.234468
-0.868614
0.598286
-0.474616
0.183726
-0.477988
-0.543654
-1.42786
-1.262
-0.028386
-0.94956
0.296573
0.81414
1.61086
1.1084
-0.433186
-0.017267
1.7027
0.60502
0.231803
1.26905
0.772358
0.836588
-2.90419
0.856933
0.443876
0.664774
0.126676
0.371907
-2.18289
0.70755
-0.445712
1.07819
-0.508683
0.352133
-0.835253
0.39355
1.90217
-0.128257
0.543377
0.913375
2.77215
-0.501937
-0.669002
1.06305
-0.919603
0.0784732
-0.38684
-0.13878
-0.192842
-0.410126
2.68684
-0.848344
-1.49512
1.00232
-0.00907865
0.825942
0.853092
-0.536008
1.31387
0.159727
0.320197
1.0921
-0.981352
-0.677156
0.587691
-0.0433735
-0.282543
-1.50259
-0.507864
1.31093
0.294496
1.56617
-0.631569
-0.0748881
0.269268
1.23669
-0.0408234
-0.816142
0.156734
-1.42424
-0.622836
-0.404175
-0.0310084
-1.52926
0.200341
-0.438704
0.383883
-1.22055
1.56443
-0.132343
0.144781
-1.55064
-0.692525
0.30109
-0.399044
-0.871623
0.77783
1.06793
0.771774
1.46261
0.799803
-1.25106
0.938285
-0.616476
-1.38867
-1.35775
-0.353454
0.416127
-0.454997
-0.661489
-0.721709
0.0397287
-1.51018
-0.3883
1.26446
-0.397225
-0.365064
-0.983013
-0.0761183
-1.35706
-1.51988
1.59974
-0.46876
-0.42717
-0.464216
0.510811
-0.0330556
-0.502193
-0.635395
-0.159773
-1.3599
1.43766
0.35237
1.75603
0.499025
-0.792915
0.532534
0.352754
-0.877215
-1.24928
0.662881
0.0638181
-2.565
-0.435705
0.707109
0.209109
1.0422
-0.441814
-1.23879
0.681175
0.261361
-1.80822
-0.280286
1.73679
0.464755
-0.100784
2.346
-0.525363
0.280427
1.36701
-0.307014
-2.02341
-0.633771
0.300989
0.79713
0.791475
0.0455465
-0.170142
-0.823485
-0.793226
0.816164
2.06641
1.56849
0.124092
0.247671
-0.0157324
-1.72286
0.307324
-0.311359
0.634818
-0.997793
0.0507656
-1.67935
-1.25361
-0.0122584
-0.713743
0.833454
0.870629
0.633618
-1.91312
-0.562829
0.308865
1.1864
0.603786
0.109915
0.720163
0.524011
0.353143
-0.239313
-0.275575
0.171657
0.52505
1.19413
-0.131138
0.119945
0.559041
-1.70218
0.177346
-0.878887
-1.34817
-0.517683
0.513114
-0.389788
1.5227
0.717133
-0.447664
-0.920985
-1.5663
-1.29287
-0.0138481
0.335954
0.997555
1.18425
0.00165555
-0.218188
1.00865
-0.349265
0.318556
-0.377267
0.0544713
-0.300865
-1.24152
1.40879
-0.402298
-0.536671
2.85532
1.07294
-0.0243178
0.0267268
2.89424
0.550881
-0.582279
-0.135675
-1.12789
-0.593237
-1.27227
0.132093
1.11652
-1.0004
-0.588251
0.621506
-1.6892
0.718284
-0.346633
-0.559464
-1.22271
-0.422255
-2.82261
-1.31424
0.113881
-0.279058
-0.339954
0.266597
0.251738
1.87027
0.576849
-1.28103
-0.651097
2.0421
1.00232
1.58139
0.798746
-1.20608
1.03809
0.0877791
-1.05611
-0.784978
-1.83328
-1.26733
-0.42796
-1.47446
-0.575271
-0.993539
-0.912198
-1.1122
-0.736828
1.48544
1.52393
0.36493
0.141274
-0.516412
0.991239
-1.43821
-0.49042
-1.86562
-2.17631
-0.811071
0.3559
-0.541752
0.982392
0.281775
0.00662384
0.935362
-1.91172
-0.26579
-0.434758
-0.503595
0.339265
2.04473
1.41307
-2.144
-0.420222
-0.697357
1.44935
0.857529
-1.43953
1.37382
-1.01756
0.0850269
0.291711
0.00153936
-1.28863
0.85722
-1.81865
0.404648
0.242535
-0.396391
-2.23673
-0.728444
-0.268794
2.17475
-1.12524
-1.04297
1.91497
-1.15327
1.31901
0.264422
-0.0612959
-0.780199
0.372935
0.233859
-1.01721
-0.480213
-0.7895
0.434269
0.825203
1.3918
0.731749
0.567076
0.217954
0.35913
-0.283932
0.192565
0.0628873
-0.55114
2.97519
-0.296697
-0.625117
0.831531
-0.714311
0.184209
-0.745413
-0.13573
-0.0715198
-0.666097
1.88454
-0.816401
-0.65282
0.697527
-0.896529
-0.752129
1.17989
-0.163536
-0.790512
0.69286
-0.7995
-0.0233483
0.685708
0.0715265
0.736242
-0.47915
0.450027
0.133645
2.77482
0.732558
-1.01289
-0.624
0.356329
2.07372
-0.616965
-0.989093
1.66592
-0.235026
1.88499
0.00146217
-2.60318
-0.0961537
0.216686
0.430111
0.382465
-0.222442
0.803318
0.335052
2.22656
0.482713
0.581615
0.50291
0.0144961
0.64257
0.211383
-1.65624
1.39208
0.564462
-0.0662122
0.684887
-0.597576
0.351972
-0.4035
0.0783433
0.841942
1.01178
-0.599696
-0.486644
-1.20648
0.947462
-1.5113
1.51159
0.966441
1.03621
-1.50173
1.40412
0.40793
0.648292
-3.04503
0.548478
0.342799
1.56263
-0.260087
-2.09684
-0.954171
1.55316
-0.446109
0.819134
-1.44653
1.48504
-2.16942
-0.480837
1.42996
0.561413
-1.35401
-1.14747
0.448962
-1.11474
-0.878811
0.220075
1.39817
0.830079
1.41584
-1.17631
-0.269707
0.199758
-2.151
1.01798
1.23627
1.40408
1.61361
0.249465
0.128483
-1.025
-0.360908
-1.07806
1.21186
-0.465799
0.660912
0.395289
-2.57162
0.598704
0.659333
0.823449
-0.348271
-0.192633
1.42003
-0.55485
-0.0208527
-0.433681
-0.920028
0.547109
-0.731913
-0.392593
0.0434888
1.95719
-0.812904
-0.52486
-0.423372
-0.201693
-0.665975
-2.39717
0.0772865
1.56865
1.2368
0.687572
1.2779
0.0650691
-0.856826
-0.374329
0.332365
-0.833912
0.592364
0.117263
-0.367223
0.979185
0.807166
-0.183902
-1.47041
-0.706336
-0.103608
0.103161
-2.61454
-0.721031
-1.62909
-0.863369
1.16627
0.296724
-0.400277
0.476024
-0.516558
0.852624
-0.826371
0.445399
0.419351
1.49727
2.05723
-0.644793
-0.562959
1.12751
-1.5937
0.404937
-1.48343
-0.112627
-0.495099
-0.181767
-0.798636
0.193322
0.807954
-0.373428
-0.202677
0.564422
-0.467938
0.0805776
1.19701
-1.2528
1.68517
2.20703
-0.707418
-0.534612
-0.471889
1.35654
1.08374
1.08824
-0.408932
-0.428487
0.0599718
-1.95664
0.605176
1.40546
-0.150312
-0.168036
-0.445703
-1.49001
-0.833833
-0.0481285
-1.28155
1.37065
-0.455848
-0.257414
0.0287957
0.0837752
-0.246535
0.825222
0.578816
0.387106
-0.245082
-0.118666
-0.127286
1.47093
0.877453
-1.7585
-1.02438
1.54926
-0.364508
-0.641119
-1.11579
0.648453
0.320634
0.446896
-1.29173
1.38216
-0.51257
0.548232
0.592423
-0.524429
0.883478
-1.38334
-0.440929
1.71884
1.23165
-0.0589513
1.32703
0.00267426
-0.566744
0.0784462
0.347266
0.415055
-1.35805
0.757228
-0.534775
1.34438
1.08628
0.45411
2.44608
1.77848
-0.548928
-1.33621
-0.007918
-0.988327
-2.33573
-0.642768
1.10955
0.0108344
0.596145
-3.07631
-1.2794
-0.701395
-0.875827
1.22904
1.00019
0.555727
-0.203166
1.29775
0.776883
0.297645
-1.68949
-0.0589409
-0.514473
0.376543
0.231296
0.169211
-0.103343
-0.618257
0.0167501
0.874659
-0.684835
0.536499
-0.742407
-0.985722
0.110655
-0.221708
-0.363408
-0.226649
-0.280432
-0.222726
-1.02918
1.40053
2.30068
0.0562278
1.00242
0.0579439
0.670002
0.518951
1.55399
1.46491
0.913952
-0.440616
-1.06175
0.444209
1.8008
1.74256
2.04116
0.109662
-0.166366
0.4464
0.254095
2.25367
-1.88293
-0.401369
2.34408
-1.67779
-0.0427917
-0.586359
-0.0703725
-0.797527
-1.34972
-0.734041
-0.173039
-0.765546
-1.30536
1.57328
-0.750261
-1.24506
0.6287
1.85102
0.273766
-0.350213
-0.37186
0.14813
0.498699
0.141591
0.531873
-0.164601
0.657117
0.985376
-0.142563
0.387406
-1.34895
-0.288726
0.446152
-0.434561
0.686685
0.961149
1.80756
-1.7731
-0.0435185
-0.358018
-1.53382
0.495565
0.386539
1.61169
1.15916
1.08518
0.762825
-1.7323
-3.11756
0.32292
-0.601488
0.755512
-0.4441
-1.27473
-0.319932
-0.567937
-0.902731
-0.256203
0.146326
1.15139
0.705151
2.88413
0.910168
-0.108163
-1.79502
0.502911
-0.602994
1.66222
0.327315
-0.819607
0.574533
0.00785341
0.0964147
0.71973
-0.0619214
-0.125773
-0.2227
-0.600207
-0.724798
0.337439
-1.52802
-0.298089
-1.2651
1.12564
-0.736898
-2.03922
-0.938737
1.97923
-0.974966
0.4216
-0.704622
0.432982
0.607988
-1.49577
-0.965512
-2.30545
0.715264
-0.0518788
-2.55684
-1.0202
0.170064
-0.773615
-0.162692
1.67425
-0.251644
0.0445268
-1.6169
-1.02629
-0.0907871
-0.334132
0.0344164
-0.844447
0.500645
-0.131676
-1.79393
0.538819
1.46382
1.78367
0.988141
-0.0771977
-1.48843
-1.15947
-0.402712
0.853631
-1.10718
0.633549
-0.0390528
0.027441
-2.03885
0.538198
1.0215
1.06554
-0.182009
1.42234
-0.0657787
2.52632
1.06273
0.282754
-0.800586
0.827085
0.655692
-0.247955
1.22612
1.46748
-2.0029
1.833
-0.256663
1.00276
0.00513479
-1.44408
-0.351336
0.407504
-0.283516
-0.278058
0.236761
-0.194249
-1.03761
0.167145
0.767791
-0.142607
-0.253698
-0.786526
1.34165
-0.492331
-1.30002
0.948693
1.44083
-0.99335
1.21029
0.683977
-0.26814
1.28356
0.829652
-0.721811
-0.534336
-1.56582
-0.427712
-0.839472
-0.97396
-0.803618
-1.39948
0.112708
2.62153
0.351628
0.938789
1.53825
-0.846405
0.327895
0.282368
1.09625
-1.36326
1.5545
-0.659897
-0.196952
1.88689
0.159315
-1.30551
-0.668756
0.105447
0.515372
0.732071
0.872369
0.128197
-0.305308
1.25548
-0.522334
1.61047
0.954098
0.879445
-0.121739
-1.73176
0.254846
0.0691946
-0.14383
0.685381
0.261233
1.34229
-0.421286
-0.126747
-0.00134064
0.55802
0.617525
0.538922
-0.170713
-0.383703
-1.5921
1.01889
-0.267894
0.888055
-1.30777
-0.122029
0.769122
0.747682
-0.617108
0.515797
-1.38866
-1.73636
-0.357844
0.770533
-0.220574
-0.773134
0.477774
-0.453941
-2.20592
1.18251
-1.56412
1.67151
0.357459
1.96728
-1.53325
-0.0591566
1.65701
-0.767724
1.15198
0.624883
1.72986
0.0914713
0.963869
0.355751
-0.555086
-0.642751
-0.417668
0.501041
1.1973
0.181386
0.233611
0.40691
0.594741
-0.391593
-0.349234
1.51727
1.27306
1.32057
1.04295
1.94692
0.540443
-0.591162
-0.181968
-2.25922
-0.287884
-0.275213
0.155977
0.368929
0.784954
-0.773187
0.15078
-0.115499
-1.60029
0.232328
-0.598988
-0.838142
-1.55649
0.327012
-1.27621
0.632469
0.701819
0.988118
1.11206
-0.17035
-0.406599
0.569824
-0.786565
-0.471917
-0.0296661
-1.06492
1.72472
1.1314
-0.177239
-2.4825
-1.51253
-0.118187
1.64407
-0.832253
-2.33845
1.55387
-0.696831
0.129285
-0.62829
-0.198378
0.389334
-0.0219036
0.417332
-0.223934
-2.43954
-0.419374
0.476139
-1.93072
1.08389
1.77038
-1.118
1.33806
1.00388
0.691469
0.452309
0.624652
0.507167
-1.2101
-0.360396
0.135168
0.491517
2.24009
-1.27402
0.946055
0.294035
-0.713777
-1.56177
-0.52264
0.142416
0.348596
-0.806372
-0.747941
0.757084
0.525509
-0.83229
1.06383
-0.430661
0.750415
0.0966179
0.241726
1.31602
0.825414
-0.0334632
-1.3649
-1.0141
-0.901337
-0.136995
1.72532
0.759224
-0.70591
0.267646
-2.06839
-0.234671
0.551387
-0.196356
1.32832
1.07828
1.2043
0.135871
0.0534696
-0.575209
-0.591772
0.230499
0.290174
1.50661
-0.248021
-1.73383
1.60234
-0.564949
-0.692992
-0.750942
-0.0720298
-0.71937
0.885791
1.13304
-0.177741
0.811302
1.24038
-0.601054
-0.951674
0.763388
-0.00585218
0.565746
2.20723
-0.0332522
0.135671
0.123474
0.904116
-0.725071
0.530826
0.636712
0.718979
0.394385
-0.122365
0.62798
-0.202961
-1.38047
0.0272645
-1.27846
0.0600415
0.397671
0.78542
0.417562
0.43202
0.672867
2.51416
0.607745
-0.742342
0.624461
-1.36669
1.66327
-2.20306
-0.868849
-1.06284
1.90558
-2.47622
0.144248
-0.915546
-0.660491
0.505713
-0.131701
-0.859467
0.178222
0.64426
1.00622
-1.4358
0.858827
1.44982
-1.27487
0.497894
-1.94602
-0.487167
-0.700846
-1.04028
0.427313
-0.375747
0.00550269
0.173065
1.71803
0.85485
1.58159
-0.810729
1.49571
-0.470648
-1.31963
0.235422
-0.164348
-1.80884
-1.22021
-0.727044
0.701572
-1.7136
1.26281
-0.880226
-1.14315
-0.375456
-0.80993
2.77227
-0.116471
0.79448
-0.181311
-0.0601369
-1.33704
-0.256716
-0.405972
-0.594333
-1.04027
-1.02322
1.02113
1.1804
0.758406
0.324387
-0.587361
-0.320802
-1.30115
-1.2702
-0.320329
1.7397
0.035417
-0.268745
-2.3405
0.389414
-0.280654
1.15559
2.88653
-0.0111916
-0.980356
-2.08433
1.20516
-1.2288
0.178622
0.642218
0.15376
0.0120882
-0.226193
-0.362855
-1.36639
-1.19794
-0.634533
0.975555
1.14648
0.74034
1.25666
-0.474443
-0.0915042
0.564808
0.839038
-1.46311
-0.64748
1.53229
-1.21856
-0.0365513
-0.179055
1.31187
0.272073
-0.440271
2.5342
1.52936
0.0654699
-0.422868
0.509437
-0.345974
-0.764242
-0.374483
-0.699228
-1.67816
-0.887829
-0.278581
-1.00966
0.660832
0.916879
0.733101
0.257539
-0.369878
-1.80334
1.08988
0.853106
1.10628
-0.534223
-1.14575
-0.00325659
2.73284
2.50368
0.361169
0.585338
-1.33745
0.721109
0.898974
0.871364
-0.956128
-0.0294567
-1.2569
-1.01817
-0.593535
-0.437386
1.57053
-0.0897398
-0.00933145
-0.265681
0.242269
-0.282618
-0.360698
0.968373
-0.188721
-0.643412
-0.166182
1.10591
0.0103472
-1.07681
0.805284
0.16743
-0.0577693
0.0365744
0.0943103
-0.818904
-0.0768655
-0.0683168
0.804694
-0.625328
-0.0886602
1.59211
-1.77623
-0.14969
0.451581
-0.699633
0.0454443
-1.11652
0.404605
0.0364218
-0.459323
-1.62659
0.0926019
1.2543
0.511598
-0.993484
-0.0197818
1.06362
-0.107541
1.25875
-0.0252557
-0.362709
1.02721
0.502916
1.18133
0.0056544
-0.46695
-1.18688
-0.457667
0.327146
-0.0463651
1.07529
0.266441
0.358805
0.354315
1.3212
-1.79956
0.424864
0.0855875
0.0249816
1.74073
-1.30902
-0.225985
-0.914231
0.843526
-0.79699
0.927544
0.148785
-0.781401
1.06196
0.136709
-0.262031
0.472139
-0.817658
0.174575
-0.866401
0.870616
-0.951113
-0.89745
0.551524
1.31769
0.775412
-0.935619
-1.67519
-2.19659
-0.113795
-1.71404
0.609838
-0.40226
1.02568
-0.646333
-0.264623
0.889565
0.935045
1.02517
-1.05403
0.372954
1.09873
1.23129
0.0952065
-0.8933
0.680558
-0.0163017
0.4594
1.20669
1.3672
0.830765
-0.798915
-0.67703
-0.408579
0.654693
1.1725
0.831401
-1.07123
-1.62402
0.797013
-0.349326
0.736157
-0.13754
0.596861
1.55615
0.325272
-0.772605
1.27666
-0.192411
-0.55672
1.3146
-0.784963
1.11548
0.690088
0.0982445
-1.00787
-0.326108
-0.308078
0.377485
0.395622
-0.528637
0.181782
-2.98117
0.448905
-0.321214
0.527578
-1.06215
-1.14073
-0.092401
-0.462696
1.67413
0.528118
0.481788
1.58739
0.847933
-1.04958
0.193525
0.626988
0.572983
1.41393
-0.544727
0.936972
-1.06557
-1.55273
-2.57864
-0.542082
-0.323944
1.2571
0.778928
-0.257802
-1.3221
-0.153532
-0.852522
0.318422
-0.893451
4.18331
-0.757353
0.152553
0.347867
0.829625
-0.0900897
0.552735
-1.48472
0.607305
-0.883455
0.886051
-0.934282
-0.454862
-0.949924
0.633277
-0.381442
0.730432
-1.48452
-1.37815
0.540688
-0.111017
1.75315
-0.797931
0.310564
0.139296
-0.636719
-1.96441
-0.180508
-0.409748
0.798038
-0.576826
-0.206847
-0.558123
0.318578
-0.528449
-1.39243
0.300843
-1.16573
1.51122
-0.00394608
-0.777189
1.25538
-2.02895
-1.41758
0.258962
1.68093
-0.556323
-0.0836122
0.467553
-0.315688
0.959909
-0.830307
-0.132423
-0.791137
-1.02069
-1.94029
-0.224204
1.39502
0.971499
-0.0307533
-1.44284
-2.98733
-0.364532
0.587574
1.26924
-0.420652
-0.598232
0.606712
0.151936
0.494341
-0.747494
-1.79107
-0.470795
-0.164406
1.93728
1.76684
0.319843
-0.907466
-0.558488
0.0383319
0.450765
1.27316
-0.165609
-1.04814
0.37225
1.17447
0.71141
0.924383
-0.551024
0.304901
-0.254646
-0.706154
-0.0455313
0.198682
-0.892791
0.638528
-3.02513
-1.36299
0.635633
-0.399304
-0.113438
1.54715
1.5331
-0.388444
-0.46135
-0.59597
0.377845
-0.631468
-0.396708
-2.07269
0.0847639
-1.12126
-1.54881
-0.195487
0.305807
1.36366
-0.0595053
-0.276112
-1.33019
-2.91648
0.284443
1.55793
0.404812
-0.851198
0.84591
0.136442
-1.27347
0.240063
-1.13648
-0.644673
-0.678257
-0.835286
1.81944
-1.7154
-1.87549
0.294604
0.776176
0.127217
-0.542893
-1.25904
-0.269564
0.73293
-0.835494
-0.189253
0.849891
-1.69511
1.02095
1.03761
0.622323
2.09387
0.368146
1.04772
1.13296
1.10997
-2.07489
-2.55009
1.15642
0.220833
-0.680135
-0.924083
0.472416
-1.48832
1.32104
-0.173418
-0.0676769
0.583375
0.129635
-1.0954
-0.889571
-0.122901
1.0556
-0.858693
0.218836
0.621162
-0.205382
0.653095
0.439849
0.384761
-0.128431
-0.878588
-0.215785
0.742964
1.68911
-1.10653
1.5009
-0.538272
0.630122
0.0609192
0.428372
2.40544
0.623187
0.798601
-0.122165
-1.91525
0.564138
-0.0445652
-0.0177629
1.19807
1.18015
-1.29361
-0.718662
-0.662757
0.104124
-2.08477
-0.289712
-0.151563
2.34828
1.59111
-1.47556
0.132583
0.259152
-1.11513
-0.0977559
0.44012
-0.391001
-1.64372
-0.227839
-0.975105
-0.81724
-0.870097
-0.650159
-1.30541
-0.0295126
0.19601
-0.43276
0.318867
0.474981
-0.695787
-0.395563
-1.08555
1.9893
-1.31337
-1.91506
1.36145
0.220065
0.936191
-1.07765
-0.0941548
0.351676
0.219993
0.718977
-1.16628
2.50534
-0.115469
-0.202275
-1.04377
0.522634
-0.848424
0.174955
-1.46982
-1.66782
-1.07383
1.27217
-0.0326129
-0.308656
-0.233134
1.07959
1.23763
-0.0244075
0.825403
0.494136
0.0190053
0.816878
1.60454
1.40658
0.0877446
-0.713063
-1.25657
-1.54636
0.199165
0.343268
2.00941
0.117097
-1.32554
-1.12828
-0.722013
1.98706
-0.522586
0.429347
0.913837
0.523884
0.549536
0.21056
-0.496034
-0.390901
0.77765
-0.55128
0.865061
-1.00994
-2.54829
-1.0813
-1.49286
-1.15581
-1.72101
-0.0129448
1.49686
0.622115
-0.238595
0.860448
0.351662
-0.232989
0.954207
-2.21248
0.153433
-1.5419
1.83955
0.122643
-0.737893
0.858465
0.0747011
0.0697532
-0.344991
-0.669624
-0.180751
0.566532
-1.52162
-0.988481
-0.677628
-1.67733
0.119626
1.11986
0.680163
0.110956
-1.73446
0.803124
1.04856
1.13457
-1.08156
-0.757972
-1.46567
0.102312
-0.317742
1.95321
1.26614
0.707562
-1.13617
1.93856
-0.805091
0.240365
1.86448
-1.56957
-0.330134
-0.842687
-0.798202
-0.159456
-0.455811
0.433325
-0.19705
-1.93053
-0.64314
0.61355
0.577695
-0.703475
0.780218
1.45851
0.452744
-1.21917
-0.344453
0.350344
-2.04455
0.649194
-1.43505
0.150771
1.18293
2.27387
0.975371
0.604021
0.198809
-0.933133
-0.782233
-0.248349
0.0621993
-0.41793
0.166844
-1.43303
-1.6843
-1.18897
0.0895428
0.701629
0.774352
-0.619199
-0.146521
-2.029
-0.0629264
-1.2414
0.591
0.568184
0.80403
0.744781
-0.341254
0.793883
1.3703
0.481622
0.173837
-1.42244
-0.135203
-1.40341
-0.596911
0.0573683
-1.46889
-0.03378
1.39853
-0.313346
0.0737759
1.1782
0.279426
-0.541777
-1.5321
-0.0273964
-0.536944
0.0183283
0.400677
0.54096
-0.873535
1.48029
0.553395
-0.846337
-0.135199
0.829168
-0.168174
0.995124
0.407583
-1.3425
-1.37634
-0.639022
-0.690486
0.945448
1.09039
0.351731
-0.244066
-1.77681
0.240498
-0.0627927
0.838637
0.338723
-1.05547
-0.155937
-0.441107
0.0407388
1.34794
-0.281931
0.0156232
0.998359
-0.247304
-0.355841
0.902762
1.67155
1.59024
-0.0408351
-0.178632
0.677863
0.667573
1.18344
1.17904
0.0496122
-0.772747
0.0712834
0.445802
-1.23571
0.917098
-0.796673
-0.406784
-1.1977
-0.583336
-1.12588
1.58566
0.217481
0.0392231
1.96453
1.94679
-0.429934
-0.0930059
-1.07998
-0.366064
-0.546777
-0.841393
0.566118
0.0241305
-0.845593
-0.00446867
0.449837
-0.994112
0.220716
1.09944
0.53753
1.74691
-0.531261
-0.975047
0.117833
0.0701941
1.26078
-0.199807
0.971569
0.36065
-1.53855
1.97175
0.407383
1.94838
-1.1663
0.0990525
0.361906
0.970196
-0.511353
0.410625
-1.28921
0.388984
-0.318052
1.29725
-0.0925108
1.33182
0.844593
3.41397
0.233769
1.51449
-1.06932
-0.0720246
-1.03856
0.699375
-0.506465
-0.923217
2.41091
-0.272236
-0.470426
0.221725
-0.0362105
0.344742
0.752569
0.0695623
-0.0394348
0.629313
0.263267
0.999283
1.43927
0.402917
0.0170906
1.39918
-0.782993
-0.523781
0.481202
0.829754
1.37685
1.28479
-0.408352
0.718597
-1.83606
0.374812
-0.774431
-0.406772
0.141776
0.564191
0.923737
0.561869
-1.20295
-0.867601
0.530047
0.305503
0.321419
-1.01825
-1.69163
-0.201816
0.347221
0.870962
0.145747
0.573382
1.33032
3.59898
-0.261663
1.3183
-1.12835
0.619149
-1.25566
0.304601
0.309803
0.0623929
0.161771
-1.41959
-0.915426
-0.782362
1.5806
0.773133
-0.424662
-1.27688
-0.81771
0.848187
-1.10077
-0.532537
1.34646
0.767966
-1.70409
-0.870728
0.664885
1.49925
-0.733136
0.808152
-0.558067
-0.637269
0.991592
-0.369944
-0.0788133
-0.00551797
0.531935
-0.289873
1.33397
0.3458
-0.99244
-0.955434
-0.0157137
-0.443076
-1.71189
0.889435
0.268097
-1.15722
-0.199931
0.212585
-0.00957234
-1.65609
0.767943
-0.692562
0.975257
0.727924
1.31403
-1.21938
-2.78878
-0.267563
0.752867
1.69678
1.55061
-0.192009
0.996002
1.9237
0.243652
-2.00457
-0.337198
0.716459
-0.498534
-0.320459
-0.401712
-1.16824
-1.64161
-0.270117
-0.14421
0.740868
0.331736
-2.1948
1.65234
1.18342
-0.924181
1.0231
-0.726331
-2.55277
1.83384
-0.243667
0.731761
-1.53153
-0.0798557
-0.124031
-0.912303
0.824315
-1.01149
-0.488774
0.308972
0.225736
-0.496414
-0.388553
0.484541
-0.0968366
0.804452
-2.35523
0.180834
-0.806344
0.491375
-0.279094
-0.0527808
0.0112513
0.314834
1.50064
0.473983
0.884576
1.20175
0.198376
-1.06478
-1.75068
0.00570017
0.161082
1.34184
-0.390312
-0.550345
-0.0587878
0.631222
-0.138728
0.615421
0.50573
0.158739
0.874909
-0.144407
-1.59382
0.817356
-0.282472
0.836929
-0.308069
0.189547
1.35036
-0.389844
1.02713
-2.71011
0.828393
-0.799348
0.148842
1.63267
0.358781
-0.18284
1.02723
-0.209452
-1.06445
0.0130648
-0.485108
-0.611527
0.711104
-0.709876
0.235222
-0.718323
0.0623503
0.451867
1.9188
-1.63374
-0.152449
-0.571804
-0.246194
-0.179466
0.42623
-1.32332
-0.0574445
0.17325
1.69373
-0.417609
-0.642387
0.404701
-0.818075
-0.19278
0.343114
-0.335308
0.515647
-0.23374
0.247466
-0.529725
0.244223
-0.347566
-0.117591
0.125125
0.712022
-0.461178
0.303255
0.751377
-2.194
-0.136229
-0.97709
-1.21867
0.775079
-0.50159
0.504165
-1.75022
0.580139
0.131706
0.556847
-0.122071
-0.151083
1.38953
-1.80612
-1.14125
0.862191
0.223744
-0.707424
-2.46121
-1.32033
-0.261902
0.803863
0.206187
-1.1647
2.42443
2.54915
-0.883454
-0.0127505
-0.0543503
0.935593
-0.59811
0.246947
-0.37052
-0.302676
0.0585033
-0.377881
-1.38779
0.135906
-0.415768
-0.256022
0.291939
0.0337047
-0.517939
-0.848459
0.694717
0.153485
-0.566849
-1.55466
0.388114
1.6988
0.776787
0.258294
0.466943
-1.31144
0.511887
-0.794293
1.06617
-0.201549
0.634304
0.0953187
-0.316357
-0.433429
-0.645346
1.37741
-0.898716
-0.348463
1.24569
0.233564
-1.00425
1.29824
0.312833
-0.824371
-0.823709
0.851259
0.475886
1.87611
-1.35276
0.897921
-0.128654
-2.31558
0.749075
0.926839
0.983428
-0.149177
-0.390854
-1.37176
-0.809337
0.219358
-0.789374
-0.240129
0.57453
-1.37937
-0.657452
0.764681
1.18499
-1.38786
-0.270659
1.33051
0.521213
0.922913
0.918003
-1.6645
-0.29031
0.590918
0.249539
1.08755
0.547325
3.05017
-0.953992
1.15949
-0.89546
-1.2064
-1.01885
-0.863146
0.549394
-0.283094
-0.541262
0.470856
1.04672
0.501033
-1.20191
-1.78116
0.529969
1.5316
-0.253441
-0.617619
-1.95636
-0.0579186
0.6878
-0.650434
0.258035
-0.0712232
0.655819
-0.557159
0.098258
-0.627908
-3.14969
0.717839
0.569913
0.110445
-1.12209
-0.3362
-2.11252
0.495662
-2.46407
-0.348614
0.82715
-0.0643296
0.375219
0.372273
-0.721492
0.0523841
-0.196145
0.562344
1.69993
0.204688
0.555432
-0.262004
2.47313
-0.791593
1.05613
-0.399239
0.69343
0.00260965
-0.262281
-0.89886
-0.599489
0.0344953
0.755434
-0.747088
-0.130745
0.159867
0.441646
0.436863
-1.28393
0.727544
-0.760457
-0.167496
1.38423
-1.17243
0.479929
-1.19336
-0.258214
0.92376
1.10727
-0.772364
0.502419
0.133731
0.932139
-1.06339
0.461997
-0.222351
-1.93252
-0.603949
0.38508
-0.839879
-1.53703
-0.456316
-0.300034
-0.926055
-0.175805
-0.13851
-0.104023
0.702227
0.98219
1.53383
0.260966
-0.114336
0.521526
1.23806
-0.300962
1.30057
0.121412
-0.18649
-0.163844
0.118761
-0.164713
-0.46294
1.45071
-0.252959
-0.392158
1.15139
-0.443347
-1.06521
3.76007
0.902442
0.0282705
-0.158757
0.00840682
-0.71298
-1.05041
0.533402
0.92654
-2.05301
0.22231
0.727998
-1.71399
-0.825966
-0.0491445
-0.551614
2.48832
-1.43961
-1.79444
-0.658014
0.84521
0.969312
-0.456913
1.50881
-0.536492
-0.130354
-0.0173372
-0.171468
-0.522393
-1.26365
-0.0746531
0.385779
-0.496203
0.678079
0.46181
-0.337643
0.0287923
0.793394
1.69663
-0.364297
0.66027
0.0990785
0.315873
1.62641
-1.7003
0.321869
-0.831778
-0.62503
0.968134
2.03206
0.571558
0.170751
0.90804
0.0223346
-0.721453
-2.12296
-0.616024
0.603472
0.40759
0.281345
-0.317133
-0.200039
-0.327052
1.42627
-0.293675
-0.940917
-0.495742
-0.823699
-0.44998
-0.953642
-0.485306
0.635653
-1.47248
-0.801714
0.358315
-0.203234
-0.867338
-0.0708078
1.27494
-1.69577
0.721457
-0.488307
-0.67658
-0.369428
0.879075
1.20476
2.90485
0.619363
-1.65909
-0.343989
0.29409
1.30689
-1.21802
1.16781
0.28709
2.0036
-0.527627
0.520158
0.829213
-1.39344
1.15066
0.75537
1.83319
-1.11515
-1.11746
0.0179155
-1.22159
0.63123
1.01756
-0.48002
0.154038
-0.229484
-0.417956
-0.45617
-1.81588
-0.0345185
0.694924
0.19599
0.793806
-0.977789
-1.2382
0.342523
0.101398
-1.20999
3.22869
-1.20989
-0.19649
-1.39899
-1.1731
1.41305
0.789799
-1.67893
0.259972
0.490976
0.901626
-1.46885
1.41098
-0.210455
-1.61555
0.106957
1.06022
-1.01637
-0.274278
-0.660968
1.99463
-1.42306
0.903572
-0.226838
-0.640209
0.333763
0.211925
-0.73327
1.12749
-0.336703
1.80622
-0.977644
-1.12963
-0.835143
0.10114
0.606526
-2.22448
1.2972
0.465319
-1.4054
0.390701
-0.0580531
0.0989105
-0.811303
0.659684
-0.703309
0.121005
0.00459814
1.38996
-0.374819
-1.79609
-0.206286
-0.0511273
0.517717
-0.153587
-1.76056
0.818807
-1.13612
-1.59268
0.0723745
-0.456251
0.0269107
-1.53006
0.293008
0.146533
-0.491372
-1.09129
-2.44791
0.584389
1.30758
-0.241958
1.3318
0.4408
0.848074
1.65378
0.626672
-1.21096
0.297217
-0.814394
-0.482059
1.53776
0.084545
0.000179716
-0.0155669
-0.950908
0.188624
-0.381926
-0.944788
2.86054
1.67396
0.226617
0.418294
0.238594
1.6591
-1.14601
-0.392784
0.0111192
-1.48919
0.585858
1.43935
1.01342
-2.72399
-0.408124
-0.63776
0.138195
0.881281
-0.126998
-0.28712
-0.900879
0.439015
-0.670545
2.23427
0.264203
-0.892849
0.605727
-0.940059
-0.286902
1.80442
0.214434
1.7504
1.83014
-0.290232
1.1295
-0.529803
0.522279
0.479868
-0.220498
-0.106715
0.939487
-0.000133683
0.453189
0.725501
-1.69761
-0.782474
-0.178953
-0.374565
0.482238
-0.237902
0.651035
-0.282508
-0.534636
0.330244
-0.626494
-1.38391
-1.22295
-0.582496
0.168657
-0.773277
-0.603377
0.730058
1.71522
0.335597
-1.48799
-1.19573
-0.276765
2.06593
0.674432
-0.976435
-1.21941
2.24271
0.397721
-0.258476
-0.65912
0.0075683
0.644021
-0.914617
-0.241495
-1.0507
0.679013
-0.632705
0.122416
-1.16002
-1.36625
-0.442466
2.10773
1.18297
-1.10546
0.7794
0.219024
-0.167648
1.2964
-0.91486
1.05433
1.15144
0.102061
1.5431
0.687963
-0.892644
-0.0646785
0.589438
-1.57028
1.7287
-0.605089
1.8702
-0.627097
0.524464
1.97966
-0.196833
-0.342028
-1.28138
-0.0661585
0.850573
0.516854
-1.24611
1.5757
-0.104054
1.33943
-0.10886
1.75792
1.01886
0.448698
-0.339208
-1.50432
1.02342
-0.471807
-1.26464
1.08446
0.0528314
-0.83391
-1.76145
-0.604216
-0.729006
0.562538
-0.0779411
0.0661291
-0.541763
1.31724
-0.970186
1.9024
-0.11477
-0.388504
-0.330508
-0.344518
0.390903
1.88451
2.34013
0.528053
0.80841
-0.700301
-0.0505828
-1.25342
0.634201
-0.668979
0.292742
-1.74197
0.0159734
0.0405117
1.11316
0.794355
0.154437
-1.19543
1.59131
0.0246223
0.259049
0.946329
0.609543
0.958495
-0.741804
-0.875706
0.0588822
0.729042
0.0291141
1.50675
0.650376
-2.09678
-0.539539
-0.348264
1.57898
0.469988
1.69743
-0.208387
1.95289
1.18951
0.348793
0.470473
-0.21426
1.18725
0.654286
0.407305
-1.48342
-0.127559
-0.567655
-0.21711
-1.33186
-1.47046
-0.777418
0.343842
-0.287253
0.9251
-0.534004
0.539109
-0.280033
-0.0318272
-1.23336
-0.392142
1.41081
-0.922817
-0.286382
-0.202696
0.109363
0.855171
1.38165
0.204811
0.181131
0.382174
2.16163
-1.33792
-1.13714
-0.21925
-1.11769
1.2844
-0.480963
-0.208239
-0.545764
-0.679177
0.589235
-1.8145
-0.384123
1.64494
-0.816798
-0.761005
-0.0600253
1.76998
0.782937
-2.08331
-1.01857
0.31635
0.878503
0.354626
-0.404551
-1.1164
-1.65131
0.980719
-0.580093
-1.07127
-0.959129
0.249327
0.310592
-0.119704
-0.833594
-0.807521
1.90695
-0.136573
0.0556627
0.994824
0.33192
0.968449
-1.51722
-0.607306
-1.78217
-0.132768
-0.335256
-1.18403
1.51847
0.91048
0.0145561
-1.12226
-0.395518
0.0714987
1.77902
-0.934628
-0.156548
0.301269
-0.877578
1.37227
-1.19759
1.35515
1.58904
-0.591079
0.645924
-0.760756
1.13141
0.173056
0.538704
2.306
-0.435655
0.247376
0.678582
1.57182
-1.91845
-1.08149
0.464446
-0.67258
0.830699
0.290675
-0.680045
-0.143962
0.508647
-0.266537
-0.698585
-1.63377
0.736941
-0.684792
0.392123
-2.17868
0.827397
-0.6893
-0.424404
-1.9483
-0.347
-1.13854
-0.977064
0.448866
1.16459
0.627271
0.100758
-0.914552
-0.998117
1.09258
0.931037
-0.155422
0.602473
-0.82266
1.64338
1.50435
-0.820098
0.262947
-0.0911592
-0.247254
1.51969
-1.59008
-0.120398
2.00896
-1.16618
-1.80021
0.0225771
-0.872434
1.36226
-0.0191739
-1.61195
0.509212
-0.328687
-0.953282
-1.28468
0.470621
-0.0924689
1.50429
0.216548
-0.387248
-0.955294
2.05568
0.633837
-0.812843
-0.521583
-0.681604
-0.0148926
1.14815
-0.239483
0.818547
0.149436
0.7173
0.29975
1.44137
-0.671996
-0.31743
0.541937
-1.95989
0.739678
-0.905406
0.175897
-0.247114
-2.00563
0.355992
0.381981
1.61762
-0.901016
0.363033
0.437652
-1.15114
-0.925272
1.86648
-0.101257
0.751494
0.931941
0.244307
0.0625603
-1.6056
0.685129
1.07071
-0.778408
-0.732059
0.0728164
-1.58716
1.70459
-0.05559
1.543
1.10097
0.356647
-0.554216
0.518256
-0.315321
-0.755471
-1.67054
0.191077
0.829063
-0.152715
0.908618
0.0113499
0.0330075
0.504833
0.367157
-0.0787316
0.257529
2.08281
-0.16991
-1.64832
-1.64597
1.20922
0.58041
0.598298
-1.13368
-0.632317
-0.755686
-0.994651
-0.923507
0.691036
0.753884
-0.733393
0.292349
-0.269378
0.455065
1.77382
-0.390854
-0.804172
1.57836
-1.15973
-1.51909
1.59702
0.646528
0.844389
-0.338202
0.0268757
0.257874
0.170774
1.00705
0.136424
-1.10669
0.430633
0.954878
0.97467
0.763947
0.0486709
1.2884
-1.82411
-0.264863
0.708654
2.41004
0.313966
-0.676947
-0.274823
0.0686679
-0.941091
1.02723
0.729882
0.686371
-1.57833
1.48595
0.414163
-0.112311
-1.48565
-0.180595
1.71032
0.0319799
1.45694
-0.369855
-0.258309
0.275344
0.459888
1.55765
0.689632
-0.411539
-0.33028
0.19661
0.223246
1.09345
-0.26543
-0.67537
0.0840293
-0.542709
0.175275
-1.87129
0.74555
0.578635
1.29247
0.618104
-0.220253
0.0502569
0.539353
-2.03401
-0.403429
0.0268548
-1.46332
0.879915
-0.351876
0.220107
0.719844
0.416674
1.58487
1.24316
0.363697
-0.0357202
1.21435
-1.35507
-0.335462
-0.0978391
-0.504127
0.620105
-1.12101
0.952803
0.931401
-0.840292
1.23792
-1.97618
-1.05462
-0.317789
-1.49607
-1.49559
0.253165
-0.505644
-1.23979
-0.515135
0.225328
0.335267
-0.741123
-1.67286
0.942656
0.535397
-1.20906
-0.0323519
-1.75524
0.664641
-0.0823639
-1.49021
0.382093
0.629723
0.555524
-0.306899
0.580864
0.523916
1.3201
-1.29216
-1.72426
-0.119248
0.819133
-0.0933191
1.44081
-0.377454
-0.483587
-0.144338
0.392393
-0.939972
1.02611
-0.225623
0.223125
0.54808
0.353756
0.176512
-0.608253
1.50472
1.19524
0.465693
1.58116
0.0517704
0.0951213
-0.374357
0.0674859
-2.11593
-1.25394
0.150743
1.45188
0.314393
0.209126
0.428123
-0.453239
-1.08766
0.268261
-0.953376
0.710848
1.19896
-0.854278
-0.481463
-0.991876
1.03127
-1.6617
1.78364
0.273068
0.580219
0.263974
0.866907
-0.672174
-0.636593
0.0409838
0.59121
1.73037
0.693873
-0.0160358
-0.267969
0.221263
0.28002
0.555347
0.172294
1.25407
1.03181
-0.290191
0.57762
0.00378641
-0.518168
-0.555834
2.11351
-0.726093
0.345631
-0.560174
0.640326
0.406179
1.98668
0.0218564
0.183803
-0.765609
-0.01934
-0.0441404
0.104316
1.04762
0.298923
0.09897
-0.0177325
-0.237689
0.116492
-1.95071
1.11887
-1.45905
0.733778
0.51143
-0.032149
1.5201
0.865878
-0.849306
1.94443
0.612646
-0.882682
0.727465
-0.957638
-0.915295
0.182553
1.15652
-0.0919548
-0.477416
1.65827
-0.589021
-1.1782
-0.814588
1.79913
-0.999103
0.798368
-0.456887
-0.861363
1.92271
0.907936
0.2665
0.470047
-1.60984
-1.58798
0.601774
1.22818
-0.625065
-0.653391
-0.0938826
-0.898851
-0.405003
-0.308609
0.0568802
0.780945
0.687322
-0.615997
0.160801
-0.803149
-0.830292
1.67945
1.01826
0.7635
0.321375
0.727121
1.24564
-0.464414
1.25246
0.593285
-0.391056
-0.657486
-0.0538777
-0.289383
-1.02976
-0.948072
0.988472
0.309794
1.00325
0.0981857
-0.295306
-0.216241
1.30374
-0.791112
-0.675122
0.977033
-0.0871873
-0.900006
0.135825
-1.56482
-0.719246
-0.60631
-1.8494
-0.843116
0.396772
-0.545357
0.503036
-0.954526
1.97554
-0.560885
0.769122
0.778648
-0.800503
1.54606
0.381532
-2.06552
-1.80541
-0.694189
0.956156
0.0615349
1.17562
0.674668
-1.45482
1.02693
1.45878
1.41049
0.0305658
0.090609
-0.387454
0.454015
0.459572
-2.4437
-1.21292
0.747715
1.15387
1.89595
-1.33666
-0.100934
-0.777203
0.815113
0.155912
-2.3345
0.307963
0.00212115
-0.0539863
-0.413555
-0.931676
0.744227
-0.678091
-1.59704
-0.835828
0.34668
-0.335905
0.644972
0.373451
-0.00262858
0.0305511
-0.920161
0.851938
0.904382
0.919523
1.19651
-0.0924142
-1.71955
-0.566587
0.674999
-1.33452
2.36283
0.554152
-1.07063
-1.00261
0.453246
2.00062
0.800491
0.303856
0.681602
0.678559
-0.048223
-0.531763
1.82154
-0.737889
-1.04057
-0.600403
0.548221
0.699591
-0.723874
-0.433778
1.09642
1.12319
1.88231
-0.315575
-0.0469908
0.605442
-0.390296
0.164353
-0.62959
-2.03009
-1.50033
-1.56189
1.09216
0.474394
1.07184
-1.77518
-0.282688
-0.892135
2.70235
0.292021
0.157124
0.956104
-0.153607
1.92547
-0.83869
-0.331736
1.847
1.2177
-0.408073
2.83073
-0.567599
0.234768
-1.72293
1.07066
-0.742085
-0.114292
1.25999
0.0437249
1.24272
0.320992
0.281397
-0.301622
-0.642622
0.513961
0.106256
0.742837
-0.259524
0.6281
1.48213
1.01045
0.201971
0.13143
-0.349971
-2.28592
0.321914
-0.0885401
-1.88744
0.618188
-0.880573
1.83532
1.51013
1.43925
0.842307
0.662055
0.972986
-0.870594
0.705502
2.0181
-0.515562
0.215151
-0.549143
-0.605589
0.307741
0.179221
-0.128255
-0.0880792
-0.0140311
0.054887
1.38653
-1.31864
1.48325
1.23194
-1.09807
-0.165478
-0.906144
-0.135767
-0.64908
-1.73641
0.823438
0.378437
-0.803898
-2.2293
-0.637475
2.23094
0.630101
-0.178888
-1.90574
-0.489544
-0.846818
-0.881391
1.67403
0.785853
0.205522
-2.65842
-0.458778
3.38153
-0.666591
0.340908
0.0819857
-0.886677
0.0573213
0.962575
0.881136
-1.65758
0.0783225
1.91313
-0.126558
0.203127
-0.345593
-0.524297
1.13416
1.66345
-0.595552
1.85285
0.124423
-0.457349
-0.106318
-0.532327
-1.1066
2.24438
0.736067
1.57827
-0.2599
0.00686559
1.43851
-0.0311387
0.540286
-0.442422
0.331407
0.269818
-0.323167
-0.667833
-1.82532
1.03382
0.600533
0.0882609
0.358018
1.83966
-2.2739
0.398577
0.520839
-0.606203
-0.0477825
0.49936
-0.514898
-0.822343
0.0347147
-0.250319
0.636319
-1.29451
0.518752
1.09263
0.401158
1.23515
0.343343
1.54827
-0.864664
-0.336174
0.780925
-0.551942
0.108012
-1.39137
-0.945618
0.781797
0.380314
-0.696172
-0.162877
-2.50659
0.367862
-0.666124
-3.19149
-0.627749
-0.769049
-0.128805
0.727109
0.0630725
-1.30849
1.76198
-1.26832
0.475175
-0.591315
0.673863
-1.41129
1.55877
-0.664329
2.29137
0.924643
-0.43616
-0.143258
-0.768026
-0.744172
-1.04548
1.18585
0.229781
-0.159248
-1.03806
0.818296
0.486095
0.1554
-1.42906
-0.492179
-1.31127
0.657636
-0.3077
0.265335
-0.550149
-0.269363
-0.129244
1.12762
0.720409
0.675126
0.276636
0.716469
0.385547
2.39966
-1.04397
-0.95134
-0.157414
-0.722001
1.20259
-2.02809
0.9055
-0.153117
-2.36049
2.50963
0.675639
-0.0821822
1.8964
0.345886
1.55421
3.01023
-0.540799
0.678907
-0.0276631
0.810972
0.801515
0.355191
0.677288
0.659937
1.50154
-0.61288
0.117982
0.0229494
1.91357
-1.26183
-1.78986
-2.31843
0.343167
0.407326
-0.430472
0.44707
1.31555
-0.735875
1.27164
-0.313271
1.2431
-0.870752
0.481603
-1.3867
0.583897
1.15831
-1.07695
0.370609
-0.570769
1.19668
-1.94952
1.57457
1.60509
-1.37167
0.22821
-0.730219
1.16191
0.0797305
0.703648
1.52808
-0.489935
-0.19897
-1.1395
-0.355241
-0.639487
0.867524
0.417787
-0.392285
0.273193
0.703133
-0.86476
0.611531
-0.822774
0.885903
-1.13568
-0.604884
-0.341336
-1.3447
-0.729972
0.568768
-0.597234
-0.157483
-1.52096
-0.418105
0.543744
0.247174
-0.503409
-0.4546
-1.35283
-0.287967
-0.258516
-1.4096
0.112025
-1.48307
-1.09625
0.327735
0.420646
-2.22022
-0.408775
0.182303
-0.134987
1.24502
-0.101627
-0.0310942
-1.15173
-0.670451
-0.0184263
-0.602887
0.519168
-0.0409043
-1.25152
1.7631
0.567127
0.287914
0.270176
0.181103
0.217326
-0.418159
-0.648614
-0.44875
-1.38495
-0.349363
-0.816478
0.220871
0.282119
-0.779778
-0.356702
0.120397
-1.2696
-0.276196
0.0385089
1.6713
-1.03723
-0.62442
-0.526411
0.585957
1.3391
-0.30524
-1.31148
1.39023
-1.17641
0.792441
-0.739044
-0.158397
3.10483
-0.858863
-0.845847
0.655218
-1.33356
0.787988
-0.757534
2.56647
0.443868
-0.186772
-1.34887
0.730092
-0.304705
0.999739
0.697127
-0.542724
0.115549
0.441946
-0.14345
-1.39046
-0.712192
-1.01649
0.126952
-0.531137
0.55445
0.453218
0.833484
0.649026
-2.10934
-1.22527
0.663278
1.73551
0.131134
0.683676
-1.60434
0.670027
0.50426
0.881691
-2.25746
-0.945565
-1.13609
0.476178
0.994156
1.15242
0.692421
-0.840613
-1.93433
1.3037
-0.712817
-0.0143436
-0.0885432
-1.08446
1.26961
-1.42532
-0.519492
0.107295
-0.97878
-0.241319
0.0492284
-0.741893
0.667693
-0.37766
0.495979
1.32452
1.13019
0.426439
-0.176286
0.673115
0.443668
3.10394
0.110324
-0.455171
0.368662
1.40226
0.480415
0.0163833
-1.11581
-0.698928
-0.190632
-0.363704
0.631986
2.56515
0.429623
0.0951608
-1.60624
-0.947268
-0.739824
1.61893
-0.282306
0.796167
0.976064
0.868939
0.200051
-0.946077
2.1191
-0.0121148
0.0783852
-0.439884
0.3149
0.252193
0.28773
-0.844348
-0.792624
-0.130322
-0.118754
1.64373
-0.187111
0.798125
-0.690572
0.150467
-0.325007
0.503616
0.792611
1.59042
0.892502
1.15103
-0.402815
0.609788
-1.10688
-0.403868
0.955084
0.653956
0.128197
-0.783724
0.576105
0.81098
0.053976
-0.733395
0.276209
0.142902
1.01182
0.863396
-1.2269
-0.893488
-0.810044
1.13387
0.237167
-1.01144
-0.98662
0.694525
1.0426
0.0730838
0.135848
-0.699049
0.856416
-0.715226
1.42459
1.65645
-0.764529
-0.999467
0.657989
0.220929
-0.282108
0.127761
-0.44925
-0.344178
-0.323737
-0.74552
-0.875986
-1.5712
-0.451662
-3.05511
-1.28701
-1.50719
-2.01444
-0.514555
-0.685152
-0.245024
0.852708
-0.280094
1.20387
-0.0858884
-0.51987
1.69893
1.2157
-1.33749
-0.550823
0.302812
1.48842
0.740642
1.08571
0.381709
-1.15264
0.580397
0.139634
-2.0848
0.158221
1.0861
0.106689
-0.520151
0.629786
1.22
-0.858364
-1.51118
1.32195
-1.40366
0.121158
1.32377
-0.523669
-0.23255
0.655069
-0.587639
0.576664
0.310975
-0.533829
0.243175
-0.0918998
0.887207
-0.0156361
0.79581
0.851151
-0.341008
-0.289758
0.381735
-0.321175
1.59364
1.30029
-0.807276
-0.18501
-1.09268
0.830407
0.650282
0.722265
-0.152927
-0.30972
0.511604
-0.0806218
1.16356
-0.197487
0.448938
-0.986693
0.480031
-0.249822
-1.59039
1.17225
-2.87501
0.238038
1.05708
-0.987192
-0.802487
1.09249
-1.05983
-0.62964
-0.877841
-1.82458
-2.92882
-0.0881154
0.986152
-1.77226
-0.110574
-1.65167
1.0717
0.0669274
-0.442796
-1.03416
1.38549
-1.05104
0.62449
-0.344716
-0.205176
-1.31951
-0.908234
0.516075
2.70981
-1.66648
-1.20283
1.86541
3.56108
0.789844
1.80517
0.810727
0.251435
0.557313
-0.867697
-0.0471914
0.410329
-0.662153
-2.88774
0.440678
0.408094
0.952373
-1.70836
0.617299
0.591136
-0.324635
-1.66471
0.576327
1.00449
-0.493928
0.877416
-0.758166
0.97511
0.680312
-0.76522
2.37032
-0.255041
0.0674551
-1.00117
1.06544
-0.128259
1.56525
1.57141
0.715376
0.0744187
0.051587
0.585508
-0.173205
-1.80223
0.0106398
-1.11782
-1.29024
0.475569
0.645833
0.363954
0.341666
0.184525
